17.99
4.99
14.99
7.99
14.99
19.99
14.99
19.99
24.99
14.99
19.99
14.99
24.99
29.99
14.99
19.99
19.99
21.99
14.99
19.99
19.99
19.99
19.99
19.99
14.99
19.99
24.99
24.99
14.99
19.99
19.99
10.99
19.99
14.99
2.99
19.99
14.99
24.99
14.99
19.99
9.99
24.99
19.99
19.99
9.99
14.99
9.99
19.99
19.99
19.99
19.99
24.99
9.99
19.99
15
24.99
19.99
17.99
19.99
14.99
14.99
14.99
14.99
12.99
14.99
16.99
19.99
24.99
24.99
19.99
14.99
13.99
24.99
13.99
14.99
19.99
29.99
24.99
15.99
19.99
7.99
19.99
19.99
9.99
9.99
24.99
16.99
14.99
39.99
19.99
24.99
24.99
9.99
24.99
14.99
9.99
19.99
12.99
19.99
14.99
14.99
39.99
19.99
19.99
14.99
19.99
19.99
9.99
19.99
19.99
19.99
15.99
